$ 1 0.0000049999999999999996 10.20027730826997 50 5 43 5e-11
a 432 336 608 336 8 15 -15 1000000 0 0 100000
x 498 339 531 342 4 11 LM358
r 928 240 832 240 0 1000
w 688 240 608 240 0
w 528 240 528 320 0
g 528 352 528 448 0 0
g 400 352 400 448 0 0
r 400 320 400 240 0 12000
r 688 240 688 336 0 100000
r 688 336 688 400 0 100000
g 688 400 688 448 0 0
c 432 192 608 192 0 1e-8 0 0.001
w 608 192 608 336 0
w 432 192 432 320 0
c 608 336 688 336 0 1.0000000000000001e-7 0 0.001
w 528 240 608 240 0
w 432 240 528 240 0
w 400 320 432 320 0
w 400 240 432 240 0
w 400 352 432 352 0
209 832 240 832 304 0 0.00009999999999999999 0 0.001 1
w 816 240 832 240 0
w 816 240 688 240 0
g 832 304 832 320 0 0
R 928 240 960 240 0 0 40 5 0 0 0.5
r 400 320 320 320 0 1000
T 128 320 240 368 0 4 1 0 0 0.999
34 IN4007 0 1.7143528192810002e-7 0 2 0 0
d 256 320 256 368 2 IN4007
w 240 320 256 320 0
w 240 368 256 368 0
d 288 368 288 320 2 default
w 256 320 288 320 0
w 256 368 288 368 0
x 303 346 338 349 4 10 1N4007
w 320 320 288 320 0
g 288 400 288 448 0 0
w 288 400 288 368 0
b 33 184 156 221 0
w 128 320 128 304 0
w 128 368 96 368 0
x 71 169 131 172 4 12 Phone\sLine
r 128 256 128 288 0 1000
w 128 256 128 208 0
w 96 368 80 368 0
w 128 288 128 304 0
c 64 240 64 304 0 1.0000000000000001e-7 0 0.001
w 64 304 64 368 0
w 64 368 80 368 0
w 64 240 64 208 0
x 79 293 107 296 4 12 600V
b 942 177 1093 412 0
x 980 170 1059 173 4 13 Arduino\sNano
207 688 336 960 336 4 A0\s(ADC)
207 896 384 960 384 4 GND
g 832 384 832 448 0 0
w 832 384 896 384 0
